9
8 1.5 1 1      0     0
6 1.5 0 0      0     0
4 1.5 0 0      0     0
2 1.5 0 0      0     0
0 0   0 0  692.82 -400
2 0   0 0      0     0
4 0   0 0      0     0
6 0   0 0      0     0
8 0   1 0      0     0
15
1 2 70000000000 0.00001
2 3 70000000000 0.00001
3 4 70000000000 0.00001
4 5 70000000000 0.00001
5 6 70000000000 0.00001
6 7 70000000000 0.00001
7 8 70000000000 0.00001
8 9 70000000000 0.00001
9 1 70000000000 0.00001
8 1 70000000000 0.00001
8 2 70000000000 0.00001
7 2 70000000000 0.00001
7 3 70000000000 0.00001
6 3 70000000000 0.00001
6 4 70000000000 0.00001